34.2460290    108.9120071
34.2459996    108.9116305
34.2458915    108.9114717
34.2458259    108.9114437
34.2457620    108.9109410
34.2457282    108.9107943
34.2455994    108.9107522
34.2454050    108.9107506
34.2449562    108.9102904
34.2449562    108.9101818
34.2449332    108.9101818
34.2448241    108.9099659
34.2447992    108.9098672
34.2447992    108.9098078
34.2442089    108.9095219
34.2440663    108.9095058
34.2439752    108.9094006
34.2439498    108.9085483
34.2437915    108.9085342
34.2437336    108.9081420
34.2437259    108.9079925
