34.0326769    108.7573682
34.0327925    108.7573789
34.0329087    108.7574909
34.0331526    108.7579142
34.0335263    108.7579281
34.0336900    108.7583058
34.0339990    108.7592342
34.0344134    108.7592383
34.0346685    108.7600880
34.0347981    108.7606931
34.0348520    108.7608720
34.0351737    108.7608801
34.0352091    108.7609269
34.0353219    108.7609391
34.0354011    108.7609472
34.0355549    108.7611635
34.0357621    108.7612564
34.0359366    108.7615597
34.0362186    108.7615735
34.0363441    108.7615867
34.0363869    108.7626260
34.0364037    108.7637480
