34.2470794    108.9090348
34.2468861    108.9090348
34.2462606    108.9090348
34.2460089    108.9092053
34.2460081    108.9093393
34.2458935    108.9093406
34.2458864    108.9097014
34.2458823    108.9098649
34.2457407    108.9101459
34.2456014    108.9104105
34.2455994    108.9107522
34.2455344    108.9109888
34.2454991    108.9115825
34.2454476    108.9115838
34.2453395    108.9116491
34.2452507    108.9117706
34.2452083    108.9119013
34.2452075    108.9120423
34.2440638    108.9122035
34.2440638    108.9122522
