34.2439996    108.9101596
34.2441947    108.9100818
34.2443344    108.9100016
34.2445439    108.9100002
34.2445836    108.9099674
34.2447992    108.9098672
34.2447992    108.9098078
34.2450615    108.9096411
34.2458574    108.9093402
34.2460081    108.9093393
34.2460089    108.9092053
34.2460155    108.9090056
34.2464321    108.9089253
34.2473013    108.9076381
34.2476139    108.9076011
34.2476594    108.9076009
34.2477034    108.9075973
34.2477490    108.9075971
34.2477967    108.9070662
34.2478768    108.9070021
34.2478891    108.9069857
34.2479175    108.9067950
34.2479359    108.9067264
34.2479359    108.9066772
