34.2479384    108.9071064
34.2477479    108.9072521
34.2477023    108.9072523
34.2476583    108.9072559
34.2476127    108.9072561
34.2475507    108.9076382
34.2462620    108.9081873
34.2462028    108.9081876
34.2460673    108.9081883
34.2460298    108.9083676
34.2458724    108.9084428
34.2455442    108.9085263
34.2449614    108.9095173
34.2447992    108.9098078
34.2445836    108.9099674
34.2445439    108.9100002
34.2444483    108.9100654
34.2441947    108.9100818
34.2439996    108.9101596
34.2439308    108.9102749
34.2437557    108.9103527
34.2436935    108.9104707
34.2436160    108.9135185
34.2435883    108.9136039
34.2435866    108.9141283
34.2435866    108.9141749
