34.0337598    108.7601530
34.0339693    108.7607907
34.0341377    108.7607907
34.0341967    108.7608130
34.0342253    108.7608171
34.0343095    108.7609452
34.0344258    108.7609594
34.0346380    108.7609980
34.0351470    108.7611400
34.0355549    108.7611635
34.0357621    108.7612564
34.0359366    108.7615597
34.0362186    108.7615735
34.0363441    108.7615867
34.0364222    108.7615906
34.0368436    108.7619666
34.0369904    108.7619752
34.0370544    108.7620676
34.0371402    108.7622292
34.0383198    108.7624486
