34.0380213    108.7633277
34.0379728    108.7627688
34.0377619    108.7627506
34.0376193    108.7625905
34.0373942    108.7621898
34.0370544    108.7620676
34.0369868    108.7620637
34.0368406    108.7620421
34.0367954    108.7620394
34.0364222    108.7615906
34.0363441    108.7615867
34.0362186    108.7615735
34.0359366    108.7615597
34.0357621    108.7612564
34.0355549    108.7611635
34.0354500    108.7609208
34.0354464    108.7607370
34.0354399    108.7604736
34.0353910    108.7604146
34.0353742    108.7603983
34.0353539    108.7603983
34.0346133    108.7603818
34.0346131    108.7601730
34.0343797    108.7597790
34.0339484    108.7597302
34.0336552    108.7597215
34.0334503    108.7596402
34.0331536    108.7596265
34.0329954    108.7590644
34.0326513    108.7588683
34.0326412    108.7583601
34.0326412    108.7582951
34.0326058    108.7565421
