34.2434082    108.9134817
34.2434715    108.9134809
34.2437538    108.9134768
34.2438151    108.9133986
34.2440621    108.9126291
34.2440638    108.9122522
34.2440638    108.9122035
34.2440642    108.9117498
34.2440642    108.9117278
34.2442617    108.9115883
34.2443155    108.9115199
34.2443586    108.9114776
34.2444097    108.9114776
34.2444286    108.9114483
34.2444824    108.9114027
34.2445444    108.9113896
34.2448216    108.9113603
34.2448405    108.9113408
34.2451581    108.9109860
34.2454050    108.9107506
34.2454070    108.9104089
34.2457407    108.9101459
34.2471800    108.9101384
