34.2435866    108.9141749
34.2435866    108.9141283
34.2435883    108.9136039
34.2436456    108.9135980
34.2437538    108.9134768
34.2438151    108.9133986
34.2440621    108.9126291
34.2440638    108.9122522
34.2440638    108.9122035
34.2440642    108.9117498
34.2440642    108.9117278
34.2442617    108.9115883
34.2443155    108.9115199
34.2443586    108.9114776
34.2444097    108.9114776
34.2444286    108.9114483
34.2444824    108.9114027
34.2445444    108.9113896
34.2448216    108.9113603
34.2448405    108.9113408
34.2451581    108.9109860
34.2454050    108.9107506
34.2454070    108.9104089
34.2456026    108.9100415
34.2456671    108.9098570
34.2456712    108.9096936
34.2458574    108.9093402
34.2460081    108.9093393
34.2460089    108.9092053
34.2460155    108.9090056
34.2464321    108.9089253
34.2473013    108.9076381
34.2476139    108.9076011
