34.2477524    108.9069783
34.2476759    108.9070220
34.2475934    108.9071175
34.2475652    108.9071175
34.2475381    108.9071175
34.2473013    108.9076381
34.2462620    108.9081873
34.2462028    108.9081876
34.2460673    108.9081883
34.2460298    108.9083676
34.2458724    108.9084428
34.2455442    108.9085263
34.2449614    108.9095173
34.2447992    108.9098078
34.2445836    108.9099674
34.2445439    108.9100002
34.2444483    108.9100654
34.2441947    108.9100818
34.2439996    108.9101596
34.2439308    108.9102749
34.2437557    108.9103527
34.2436935    108.9104707
34.2435051    108.9105834
34.2435032    108.9116240
34.2433495    108.9117543
34.2431590    108.9144446
