34.2431354    108.9132654
34.2434132    108.9132317
34.2434748    108.9127653
34.2437571    108.9127613
34.2437717    108.9127342
34.2438287    108.9125309
34.2440193    108.9124767
34.2440638    108.9122522
34.2440638    108.9122035
34.2440642    108.9117498
34.2440642    108.9117278
34.2442617    108.9115883
34.2443155    108.9115199
34.2443586    108.9114776
34.2444097    108.9114776
34.2444286    108.9114483
34.2444824    108.9114027
34.2445444    108.9113896
34.2448216    108.9113603
34.2448405    108.9113408
34.2451581    108.9109860
34.2454050    108.9107506
34.2454070    108.9104089
34.2456026    108.9100415
34.2456671    108.9098570
34.2456712    108.9096936
34.2458574    108.9093402
34.2460081    108.9093393
34.2460089    108.9092053
34.2460155    108.9090056
34.2464321    108.9089253
34.2473013    108.9076381
34.2476139    108.9076011
34.2476594    108.9076009
34.2477034    108.9075973
34.2477490    108.9075971
34.2479661    108.9075298
34.2479661    108.9074679
34.2479981    108.9074214
34.2479981    108.9073711
34.2480517    108.9070885
34.2480985    108.9070393
34.2481010    108.9067413
