2016793104
34.2440662
108.9096464
2016793107
34.2450650
108.9117278
2016793108
34.2455905
108.9081908
2016793109
34.2450591
108.9082034
2016793110
34.2450615
108.9096411
2016793111
34.2450622
108.9100488
2016793112
34.2450545
108.9070191
2016793114
34.2462620
108.9081873
2016793119
34.2440674
108.9082570
2016793126
34.2450659
108.9122587
2016793128
34.2450592
108.9082570
2016793130
34.2456026
108.9100415
3653241246
34.2449614
108.9095173
3653241247
34.2442089
108.9095219
3653241248
34.2442040
108.9083700
3653241258
34.2449566
108.9083653
3653244385
34.2460673
108.9081883
3670482080
34.2447992
108.9098078
3670482081
34.2447992
108.9098672
3670482082
34.2449331
108.9098672
3670482083
34.2449332
108.9101818
3670482084
34.2449562
108.9101818
3670482085
34.2449562
108.9102904
3670482086
34.2448251
108.9102905
3670482087
34.2448241
108.9099659
3670482088
34.2445836
108.9099674
3670482089
34.2445842
108.9100829
3670482090
34.2447017
108.9100821
3670482091
34.2447026
108.9102876
3670482092
34.2444493
108.9102893
3670482093
34.2444483
108.9100654
3670482094
34.2445442
108.9100647
3670482095
34.2445439
108.9100002
3670482096
34.2443344
108.9100016
3670482097
34.2443359
108.9103147
3670482098
34.2441641
108.9103159
3670482099
34.2441616
108.9098091
3686355802
34.2455662
108.9081914
3686355803
34.2455661
108.9076129
4317849400
34.2455446
108.9083241
4317849401
34.2451276
108.9083231
4317849402
34.2451251
108.9098594
4317849403
34.2455225
108.9098603
4317849404
34.2455228
108.9096795
4317849405
34.2452834
108.9096790
4317849406
34.2452853
108.9085256
4317849407
34.2455442
108.9085263
