1803356696 34.2426609 108.9122946
1803356710 34.2462556 108.9122665
1876844121 34.2438481 108.9117036
1876844124 34.2440638 108.9122522
1876844127 34.2495965 108.9155630
1876844128 34.2437408 108.9055656
1876844131 34.2436935 108.9104707
1876844133 34.2455675 108.9055428
1876844135 34.2483905 108.9054945
1876844137 34.2429530 108.9069941
1876844147 34.2429955 108.9122876
1876844149 34.2436959 108.9117041
1876844150 34.2483853 108.9091567
1876844152 34.2438458 108.9104703
1876844153 34.2435096 108.9056663
2016793104 34.2440662 108.9096464
2016793105 34.2451989 108.9122596
2016793107 34.2450650 108.9117278
2016793108 34.2455905 108.9081908
2016793109 34.2450591 108.9082034
2016793110 34.2450615 108.9096411
2016793111 34.2450622 108.9100488
2016793112 34.2450545 108.9070191
2016793113 34.2441347 108.9135034
2016793114 34.2462620 108.9081873
2016793115 34.2451971 108.9134981
2016793116 34.2441347 108.9144208
2016793117 34.2462591 108.9100327
2016793118 34.2451956 108.9144315
2016793119 34.2440674 108.9082570
2016793121 34.2482588 108.9116858
2016793122 34.2462606 108.9090348
2016793123 34.2440541 108.9143886
2016793124 34.2493938 108.9116742
2016793125 34.2462565 108.9117063
2016793126 34.2450659 108.9122587
2016793127 34.2440642 108.9117278
2016793128 34.2450592 108.9082570
2016793130 34.2456026 108.9100415
2016793131 34.2440682 108.9074416
2016793134 34.2482675 108.9090349
2016793136 34.2440580 108.9135195
2016793142 34.2440421 108.9154673
2470113756 34.2495748 108.9091539
2470113764 34.2495821 108.9113045
2689341046 34.2440628 108.9104038
2689341052 34.2428445 108.9155939
3154089186 34.2428391 108.9122909
3405303625 34.2475819 108.9155824
3405303626 34.2462485 108.9155863
3405303627 34.2440413 108.9155912
3408909953 34.2470906 108.9148651
3408909954 34.2451753 108.9135370
3408909955 34.2440822 108.9135611
3408909956 34.2488798 108.9148507
3408909958 34.2470836 108.9135978
3408909959 34.2488728 108.9135834
3408909960 34.2495641 108.9054870
3408909961 34.2451664 108.9144141
3408909964 34.2440844 108.9143899
3410664244 34.2429211 108.9153548
3410664245 34.2439125 108.9136019
3410664246 34.2439071 108.9141540
3410664247 34.2438594 108.9141533
3410664248 34.2438575 108.9143507
3410664249 34.2439184 108.9143516
3410664250 34.2439095 108.9152468
3410664251 34.2436148 108.9152425
3410664252 34.2436239 108.9143317
3410664253 34.2436783 108.9143325
3410664254 34.2436799 108.9141760
3410664255 34.2436399 108.9141754
3410664256 34.2436456 108.9135980
3410664261 34.2435866 108.9141749
3410664262 34.2435848 108.9143214
3410664263 34.2431362 108.9143134
3410664264 34.2431380 108.9141669
3410664265 34.2435655 108.9144442
3410664266 34.2435659 108.9152499
3410664267 34.2431298 108.9152466
3410664268 34.2431295 108.9153556
3410664269 34.2429221 108.9149912
3410664270 34.2431546 108.9149921
3410664271 34.2431590 108.9144446
3410664272 34.2431595 108.9152502
3410664273 34.2434187 108.9125283
3410664274 34.2429213 108.9125227
3410664275 34.2429159 108.9132260
3410664276 34.2434132 108.9132317
3410664277 34.2437711 108.9125370
3410664278 34.2434452 108.9125384
3410664279 34.2434457 108.9127355
3410664280 34.2437717 108.9127342
3410664281 34.2439985 108.9125348
3410664282 34.2439849 108.9134025
3410664283 34.2438151 108.9133986
3410664284 34.2438287 108.9125309
3410664285 34.2435883 108.9136039
3410664286 34.2435866 108.9141283
3410664287 34.2431464 108.9141263
3410664288 34.2431480 108.9136018
3410664289 34.2431354 108.9132654
3410664290 34.2440193 108.9124767
3410664291 34.2439991 108.9155299
3410664292 34.2428800 108.9155299
3410665693 34.2429002 108.9124686
3410665694 34.2431342 108.9135174
3410665695 34.2428933 108.9135174
3410665696 34.2435958 108.9155299
3410665697 34.2436160 108.9135185
3410665698 34.2438041 108.9124751
3410665699 34.2437975 108.9135189
3410665700 34.2434445 108.9124725
3410665701 34.2434345 108.9135181
3410665702 34.2434369 108.9132697
3410665703 34.2437571 108.9127613
3410665704 34.2437538 108.9134768
3410665705 34.2434715 108.9134809
3410665706 34.2434748 108.9127653
3410665707 34.2434119 108.9132972
3410665708 34.2434082 108.9134817
3410665709 34.2429345 108.9134679
3410665710 34.2429382 108.9132833
3410665711 34.2451910 108.9154675
3410665712 34.2462487 108.9154732
3410665718 34.2477996 108.9118481
3410665719 34.2477818 108.9129263
3410665720 34.2475468 108.9129317
3410665721 34.2475468 108.9132160
3410665722 34.2470141 108.9132145
3410665723 34.2470178 108.9127763
3410665724 34.2468432 108.9127763
3410665725 34.2468506 108.9118504
3410665726 34.2495676 108.9074545
3410665727 34.2483881 108.9074667
3642584025 34.2479629 108.9076383
3642584026 34.2462629 108.9076377
3642584027 34.2479981 108.9073711
3642584028 34.2479981 108.9074214
3642584029 34.2479661 108.9074679
3642584030 34.2479661 108.9075298
3642584031 34.2479885 108.9075763
3642584032 34.2479981 108.9079907
3642584033 34.2480974 108.9079946
3642584034 34.2480974 108.9079481
3642584035 34.2483407 108.9079365
3642584036 34.2483375 108.9078978
3642584037 34.2483407 108.9078552
3642584038 34.2483311 108.9074330
3642584039 34.2483087 108.9073362
3642584040 34.2483087 108.9070573
3642584041 34.2482030 108.9070767
3642584042 34.2482030 108.9073478
3642584043 34.2476395 108.9062836
3642584044 34.2475964 108.9063835
3642584045 34.2475964 108.9064923
3642584046 34.2476371 108.9065817
3642584047 34.2475903 108.9066308
3642584048 34.2475656 108.9065548
3642584049 34.2475385 108.9065638
3642584050 34.2475558 108.9065861
3642584051 34.2474769 108.9066487
3642584052 34.2474572 108.9066070
3642584053 34.2474646 108.9065876
3642584054 34.2474277 108.9065280
3642584055 34.2474141 108.9065235
3642584056 34.2474154 108.9065444
3642584057 34.2473353 108.9066085
3642584058 34.2472909 108.9065206
3642584059 34.2473451 108.9064699
3642584060 34.2473439 108.9063820
3642584061 34.2472860 108.9063447
3642584062 34.2473304 108.9062568
3642584063 34.2474141 108.9063194
3642584064 34.2474129 108.9063567
3642584065 34.2474560 108.9063373
3642584066 34.2474745 108.9062687
3642584067 34.2474535 108.9062568
3642584068 34.2474745 108.9062196
3642584069 34.2475496 108.9062747
3642584070 34.2475373 108.9062985
3642584071 34.2475545 108.9063120
3642584072 34.2475829 108.9062345
3642584073 34.2481010 108.9067413
3642584074 34.2480579 108.9068412
3642584075 34.2480579 108.9069499
3642584076 34.2480985 108.9070393
3642584077 34.2480517 108.9070885
3642584078 34.2480271 108.9070125
3642584079 34.2480000 108.9070215
3642584080 34.2480172 108.9070438
3642584081 34.2479384 108.9071064
3642584082 34.2479187 108.9070647
3642584083 34.2479261 108.9070453
3642584084 34.2478891 108.9069857
3642584085 34.2478756 108.9069812
3642584086 34.2478768 108.9070021
3642584087 34.2477967 108.9070662
3642584088 34.2477524 108.9069783
3642584089 34.2478066 108.9069276
3642584090 34.2478054 108.9068397
3642584091 34.2477475 108.9068024
3642584092 34.2477918 108.9067145
3642584293 34.2478756 108.9067771
3642584294 34.2478743 108.9068143
3642584295 34.2479175 108.9067950
3642584296 34.2479359 108.9067264
3642584297 34.2479150 108.9067145
3642584298 34.2479359 108.9066772
3642584299 34.2480111 108.9067324
3642584300 34.2479988 108.9067562
3642584301 34.2480160 108.9067696
3642584302 34.2480443 108.9066921
3642584303 34.2462659 108.9056912
3642584304 34.2482167 108.9101227
3642584305 34.2482167 108.9106969
3642584306 34.2479756 108.9107014
3642584307 34.2479793 108.9101272
3642584308 34.2479121 108.9107084
3642584309 34.2478370 108.9107120
3642584310 34.2478064 108.9107371
3642584311 34.2477540 108.9107275
3642584312 34.2477422 108.9107072
3642584313 34.2476809 108.9107108
3642584314 34.2476750 108.9105566
3642584315 34.2477422 108.9105542
3642584316 34.2477412 108.9105315
3642584317 34.2477194 108.9105291
3642584318 34.2477254 108.9104705
3642584319 34.2476977 108.9104263
3642584320 34.2477234 108.9103641
3642584321 34.2477194 108.9103127
3642584322 34.2477323 108.9103020
3642584323 34.2477333 108.9102864
3642584324 34.2476760 108.9102888
3642584325 34.2476779 108.9101298
3642584326 34.2477431 108.9101286
3642584327 34.2477925 108.9100988
3642584328 34.2478360 108.9101346
3642584329 34.2479072 108.9101394
3642584330 34.2471800 108.9101384
3642584331 34.2471800 108.9107007
3643535037 34.2464321 108.9089253
3643535038 34.2472623 108.9115743
3643535039 34.2477014 108.9150820
3643535040 34.2477014 108.9153367
3643535041 34.2471300 108.9153440
3643535042 34.2471300 108.9150747
3643535044 34.2488203 108.9149219
3643535045 34.2470878 108.9149219
3643535046 34.2469856 108.9150456
3643535047 34.2462496 108.9150455
3643535048 34.2469599 108.9135702
3643535049 34.2469540 108.9148110
3643535050 34.2463946 108.9148071
3643535051 34.2464004 108.9135664
3643535052 34.2460908 108.9123744
3643535053 34.2456637 108.9123744
3643535054 34.2456577 108.9125345
3643535055 34.2460487 108.9125200
3643535056 34.2460607 108.9133205
3643535057 34.2461871 108.9133205
3643535058 34.2461811 108.9124545
3643535059 34.2461666 108.9123619
3643535060 34.2460912 108.9124477
3643535062 34.2442011 108.9073708
3643535063 34.2442765 108.9072536
3643535064 34.2443276 108.9070256
3643535065 34.2442583 108.9068223
3643535066 34.2439582 108.9068782
3643535067 34.2438398 108.9071006
3643535068 34.2439992 108.9074197
3643535069 34.2445928 108.9108360
3643535070 34.2446897 108.9108458
3643535071 34.2447732 108.9109565
3643535072 34.2447947 108.9110216
3643535073 34.2448001 108.9110835
3643535074 34.2448378 108.9110835
3643535075 34.2448405 108.9113408
3643535076 34.2448216 108.9113603
3643535077 34.2448243 108.9115329
3643535078 34.2447920 108.9115981
3643535079 34.2447463 108.9115948
3643535080 34.2447436 108.9115492
3643535081 34.2447167 108.9115492
3643535082 34.2447113 108.9114743
3643535083 34.2446574 108.9114906
3643535084 34.2446144 108.9114222
3643535085 34.2445444 108.9113896
3643535086 34.2444824 108.9114027
3643535087 34.2444286 108.9114483
3643535088 34.2444097 108.9114776
3643535089 34.2443586 108.9114776
3643535090 34.2443155 108.9115199
3643535091 34.2443101 108.9115948
3643535092 34.2442617 108.9115883
3643535193 34.2442590 108.9115134
3643535194 34.2442267 108.9115134
3643535195 34.2442240 108.9112496
3643535196 34.2442536 108.9112235
3643535197 34.2442401 108.9110542
3643535198 34.2442671 108.9110542
3643535199 34.2442671 108.9110151
3643535200 34.2443021 108.9110216
3643535201 34.2443667 108.9109435
3643535202 34.2444178 108.9108555
3643535203 34.2445013 108.9108327
3643535204 34.2445708 108.9124901
3653241246 34.2449614 108.9095173
3653241247 34.2442089 108.9095219
3653241248 34.2442040 108.9083700
3653241255 34.2428436 108.9150320
3653241258 34.2449566 108.9083653
3653244377 34.2440671 108.9086261
3653244378 34.2481722 108.9135168
3653244379 34.2434523 108.9086371
3653244380 34.2481750 108.9130285
3653244381 34.2462529 108.9135023
3653244382 34.2460717 108.9070060
3653244383 34.2481115 108.9135452
3653244384 34.2476027 108.9135121
3653244385 34.2460673 108.9081883
3653244386 34.2434558 108.9095048
3653244387 34.2476054 108.9130238
3653244388 34.2440663 108.9095058
3653245374 34.2484626 108.9054940
3653245375 34.2462661 108.9055441
3653254408 34.2455568 108.9135446
3653254409 34.2458816 108.9142848
3653254410 34.2455513 108.9142812
3653254411 34.2462509 108.9144357
3653254412 34.2458871 108.9135482
3670482080 34.2447992 108.9098078
3670482081 34.2447992 108.9098672
3670482082 34.2449331 108.9098672
3670482083 34.2449332 108.9101818
3670482084 34.2449562 108.9101818
3670482085 34.2449562 108.9102904
3670482086 34.2448251 108.9102905
3670482087 34.2448241 108.9099659
3670482088 34.2445836 108.9099674
3670482089 34.2445842 108.9100829
3670482090 34.2447017 108.9100821
3670482091 34.2447026 108.9102876
3670482092 34.2444493 108.9102893
3670482093 34.2444483 108.9100654
3670482094 34.2445442 108.9100647
3670482095 34.2445439 108.9100002
3670482096 34.2443344 108.9100016
3670482097 34.2443359 108.9103147
3670482098 34.2441641 108.9103159
3670482099 34.2441616 108.9098091
3670482100 34.2441947 108.9100818
3670482105 34.2437557 108.9095427
3670482106 34.2437535 108.9097573
3670482107 34.2436138 108.9099236
3670482108 34.2435628 108.9100389
3670482109 34.2435849 108.9101569
3670482110 34.2436470 108.9102857
3670482111 34.2437557 108.9103527
3670482112 34.2439308 108.9102749
3670482113 34.2439996 108.9101596
3670482114 34.2439907 108.9096795
3670482115 34.2438976 108.9096795
3670482116 34.2438954 108.9095481
3670482117 34.2462028 108.9081876
3670482118 34.2461967 108.9100335
3670482119 34.2440638 108.9122035
3670482120 34.2475693 108.9114017
3670482121 34.2475685 108.9115706
3670482122 34.2472122 108.9115682
3670482123 34.2472125 108.9114913
3670482124 34.2471737 108.9114910
3670483425 34.2471741 108.9113991
3670483433 34.2479780 108.9065909
3670483434 34.2477043 108.9063362
3670483435 34.2477103 108.9066673
3670483436 34.2476802 108.9076382
3670483437 34.2476742 108.9067801
3670483438 34.2472983 108.9067765
3670483439 34.2473013 108.9076381
3686351885 34.2449394 108.9126479
3686355751 34.2441501 108.9071030
3686355752 34.2441428 108.9070746
3686355753 34.2441281 108.9070508
3686355754 34.2441076 108.9070345
3686355755 34.2440837 108.9070275
3686355756 34.2440138 108.9071502
3686355757 34.2440263 108.9071729
3686355758 34.2440440 108.9071898
3686355759 34.2440651 108.9071992
3686355760 34.2440877 108.9072002
3686355761 34.2440592 108.9070307
3686355762 34.2440371 108.9070436
3686355763 34.2440199 108.9070648
3686355764 34.2440097 108.9070919
3686355765 34.2440075 108.9071215
3686355766 34.2441093 108.9071927
3686355767 34.2441280 108.9071774
3686355768 34.2441418 108.9071559
3686355769 34.2441494 108.9071302
3686355770 34.2442819 108.9072296
3686355771 34.2439411 108.9072977
3686355772 34.2441309 108.9068460
3686355773 34.2441497 108.9061606
3686355774 34.2441219 108.9060931
3686355775 34.2439899 108.9061830
3686355796 34.2433495 108.9117543
3686355797 34.2440642 108.9117498
3686355798 34.2433432 108.9104091
3686355799 34.2435051 108.9105834
3686355800 34.2435032 108.9116240
3686355801 34.2436370 108.9097204
3686355802 34.2455662 108.9081914
3686355803 34.2455661 108.9076129
3686355804 34.2451984 108.9126246
3686355805 34.2440621 108.9126291
3686355806 34.2468739 108.9117000
3686355807 34.2468861 108.9090348
3686355808 34.2470794 108.9090348
3686355809 34.2470611 108.9116981
3686355810 34.2476759 108.9070220
3686355811 34.2475934 108.9071175
3686355812 34.2475381 108.9071175
3686355813 34.2475652 108.9071175
3686355814 34.2475652 108.9071421
3686355815 34.2475618 108.9071735
3686355816 34.2475528 108.9072103
3686355817 34.2476216 108.9076382
3686355818 34.2476272 108.9090349
3686355819 34.2469900 108.9135193
3686355820 34.2469937 108.9128032
3686355821 34.2462544 108.9128010
3686355822 34.2468302 108.9117004
3686355823 34.2468209 108.9128027
3686355824 34.2479624 108.9090349
3686355825 34.2459430 108.9126372
3686355826 34.2459400 108.9144345
3686355827 34.2451983 108.9126556
3686355828 34.2470640 108.9150614
3686355829 34.2469917 108.9135718
3686355830 34.2469858 108.9148126
3686355831 34.2464264 108.9148087
3686355832 34.2464322 108.9135680
3686355833 34.2470500 108.9135207
3686355834 34.2470522 108.9149000
3686355835 34.2470536 108.9149633
3686355836 34.2479639 108.9072334
3686355837 34.2475493 108.9072383
3686355838 34.2475507 108.9076382
3686355839 34.2476774 108.9072366
3686355840 34.2476139 108.9076011
3686355841 34.2476594 108.9076009
3686355842 34.2476583 108.9072559
3686355843 34.2476127 108.9072561
3686355844 34.2477034 108.9075973
3686355845 34.2477490 108.9075971
3686355846 34.2477479 108.9072521
3686355847 34.2477023 108.9072523
3686356182 34.2434191 108.9094301
3686356183 34.2450423 108.9126538
3686357125 34.2446517 108.9126538
3686363789 34.2430058 108.9104119
3714456496 34.2439780 108.9087355
3714456497 34.2439752 108.9094006
3714456498 34.2435323 108.9093979
3714456499 34.2435351 108.9087328
3714456500 34.2439498 108.9082120
3714456501 34.2439498 108.9085483
3714456502 34.2437915 108.9085342
3714456503 34.2438031 108.9082120
3714456504 34.2437336 108.9081420
3714456505 34.2437645 108.9080999
3714456506 34.2437683 108.9080299
3714456507 34.2437259 108.9079925
3714456508 34.2436641 108.9079925
3714456509 34.2436564 108.9085763
3714456510 34.2434942 108.9085763
3714456511 34.2434865 108.9079925
3714456512 34.2435406 108.9079738
3714456513 34.2435367 108.9078057
3714456514 34.2436602 108.9078057
3714456515 34.2437799 108.9078057
3714456516 34.2438455 108.9078431
3714456517 34.2439112 108.9079412
3714456518 34.2439343 108.9080532
3714456519 34.2439189 108.9081606
3714456520 34.2438919 108.9082027
3714456521 34.2439687 108.9118726
3714456522 34.2435716 108.9118595
3714456523 34.2435670 108.9120656
3714456524 34.2439641 108.9120787
3714456625 34.2457480 108.9115967
3714456626 34.2455312 108.9115951
3714456627 34.2455344 108.9109888
3714456628 34.2451581 108.9109860
3714456629 34.2451117 108.9109066
3714456630 34.2451125 108.9107622
3714456631 34.2457620 108.9109410
3714456632 34.2460305 108.9117379
3714456633 34.2460290 108.9120071
3714456634 34.2455629 108.9120033
3714456635 34.2455627 108.9120452
3714456636 34.2452075 108.9120423
3714456637 34.2452083 108.9119013
3714456638 34.2452507 108.9117706
3714456639 34.2453395 108.9116491
3714456640 34.2454476 108.9115838
3714456641 34.2454991 108.9115825
3714456642 34.2455000 108.9116327
3714456643 34.2455625 108.9116312
3714456644 34.2455642 108.9117317
3714456645 34.2457513 108.9117270
3714456646 34.2457465 108.9114456
3714456647 34.2458259 108.9114437
3714456648 34.2458915 108.9114717
3714456649 34.2459996 108.9116305
3714456650 34.2460348 108.9093396
3714456651 34.2460318 108.9098168
3714456652 34.2458904 108.9098155
3714456653 34.2458935 108.9093406
3714456654 34.2458574 108.9093402
3714456655 34.2458585 108.9091637
3714456656 34.2459325 108.9091644
3714456657 34.2459322 108.9092045
3714456658 34.2460089 108.9092053
3714456659 34.2460081 108.9093393
3714456660 34.2458864 108.9097014
3714456661 34.2458823 108.9098649
3714456662 34.2456671 108.9098570
3714456663 34.2456712 108.9096936
3714456664 34.2460298 108.9083676
3714456665 34.2458728 108.9083618
3714456666 34.2458572 108.9090379
3714456667 34.2459278 108.9090402
3714456668 34.2459286 108.9090028
3714456669 34.2460155 108.9090056
3714456670 34.2457390 108.9083607
3714456671 34.2457386 108.9084417
3714456672 34.2458724 108.9084428
4053233452 34.2431248 108.9155283
4053233453 34.2440335 108.9135194
4122865915 34.2440142 108.9135194
4317849382 34.2440410 108.9062127
4317849383 34.2439482 108.9064241
4317849384 34.2437233 108.9062795
4317849385 34.2432580 108.9073390
4317849386 34.2434072 108.9074349
4317849387 34.2434280 108.9073876
4317849388 34.2434976 108.9074324
4317849389 34.2434411 108.9075611
4317849390 34.2435559 108.9076348
4317849391 34.2436749 108.9073638
4317849392 34.2435339 108.9072732
4317849393 34.2438799 108.9064855
4317849394 34.2440075 108.9065676
4317849395 34.2441364 108.9062741
4317849396 34.2446753 108.9066421
4317849397 34.2444460 108.9066298
4317849398 34.2444340 108.9069584
4317849399 34.2446633 108.9069707
4317849400 34.2455446 108.9083241
4317849401 34.2451276 108.9083231
4317849402 34.2451251 108.9098594
4317849403 34.2455225 108.9098603
4317849404 34.2455228 108.9096795
4317849405 34.2452834 108.9096790
4317849406 34.2452853 108.9085256
4317849407 34.2455442 108.9085263
4317849408 34.2457282 108.9107943
4317849409 34.2460180 108.9101539
4317849410 34.2460061 108.9109468
4317849411 34.2457407 108.9101459
4317849412 34.2456014 108.9104105
4317849413 34.2455994 108.9107522
4317849414 34.2454050 108.9107506
4317849415 34.2454070 108.9104089
4317849416 34.2465065 108.9109443
4317849417 34.2463470 108.9109437
4317849418 34.2463454 108.9114986
4317849419 34.2465049 108.9114993
4317849420 34.2465021 108.9108507
4317849421 34.2463348 108.9108508
4317849422 34.2463342 108.9099783
4317849423 34.2465015 108.9099782
4850880421 34.2480695 108.9135710
